-171 -476
-272 -377
-421 -224
-430 -216
-433 -203
-433 -198
-430 -193
-425 -181
-417 -166
-411 -147
-408 -123
-408 -106
-413 -73
-420 -56
-430 -38
-442 -23
-468 3
-500 32
-544 75
-599 133
-620 156
-678 228
-707 267
-736 313
-793 413
-807 441
-816 462
-815 474
-810 482
-798 488
-758 495
-682 511
-673 514
-667 518
-663 523
-658 540
-657 557
-662 706
-664 760
-662 765
-646 784
-631 795
-518 877
-493 891
-376 939
-332 955
-292 979
-262 997
-248 1000
-237 1000
-227 994
-214 979
-198 964
-176 949
-148 939
-112 934
-80 933
-52 929
-22 918
6 905
36 883
56 865
76 838
95 806
105 772
112 747
115 725
143 575
143 557
140 534
133 511
124 492
109 470
94 452
79 431
71 416
64 399
59 379
28 214
26 194
24 170
24 148
26 109
31 78
39 43
50 8
63 -21
77 -48
101 -85
116 -108
148 -141
251 -233
268 -246
283 -255
294 -260
316 -267
337 -268
363 -267
386 -267
408 -266
427 -267
444 -271
460 -279
471 -285
491 -303
605 -400
648 -436
669 -461
684 -479
701 -506
718 -546
735 -595
781 -752
808 -851
813 -879
816 -893
816 -901
809 -905
788 -913
686 -955
581 -996
572 -999
559 -1000
543 -999
527 -992
510 -981
500 -972
491 -957
429 -842
391 -781
386 -773
381 -768
375 -766
366 -766
360 -769
292 -846
283 -856
273 -861
260 -866
249 -869
239 -869
227 -867
210 -861
198 -852
193 -847
-171 -476
