-635 694
-138 625
22 604
192 588
274 578
485 548
852 494
928 479
941 473
948 468
951 458
952 450
938 359
940 351
944 343
983 322
994 316
1000 307
1000 298
992 242
980 191
961 141
940 97
771 -189
569 -507
556 -529
554 -542
557 -553
563 -561
623 -598
629 -604
630 -613
626 -621
615 -630
503 -715
491 -721
482 -722
473 -719
453 -706
449 -697
449 -680
501 -277
500 -265
495 -253
487 -244
475 -235
415 -198
393 -178
380 -165
368 -141
354 -104
340 -82
324 -67
307 -56
284 -46
98 -18
77 -11
65 0
59 7
53 17
29 92
22 107
10 120
-21 138
-158 213
-198 229
-256 243
-717 310
-726 314
-731 319
-736 329
-737 341
-744 460
-754 542
-757 551
-764 558
-774 562
-786 561
-799 549
-815 524
-825 517
-836 513
-848 513
-863 520
-880 528
-897 533
-975 542
-988 546
-994 551
-999 561
-1000 570
-995 593
-984 622
-969 647
-948 677
-923 697
-891 713
-861 721
-833 722
-792 717
-635 694
