-542 -270
-508 125
-493 291
-491 298
-486 302
-480 303
-473 302
-466 301
-460 302
-456 305
-452 310
-452 314
-452 319
-475 409
-479 434
-480 456
-478 480
-469 598
-466 618
-462 636
-455 655
-447 676
-437 696
-423 719
-408 738
-388 759
-366 778
-342 795
-316 810
-287 825
-258 835
-225 844
-189 850
-151 854
-6 866
172 877
183 878
188 881
193 885
199 906
202 912
206 916
213 918
237 923
264 928
301 941
468 997
482 1000
496 1000
509 998
518 994
527 988
536 983
546 971
552 962
556 951
559 938
566 859
579 724
579 711
577 704
573 697
568 692
558 685
449 626
360 577
305 546
278 531
248 509
226 493
208 477
111 393
42 331
-103 204
-191 127
-202 115
-207 107
-208 99
-208 90
-205 70
-204 59
-204 43
-205 34
-209 23
-214 10
-222 -3
-234 -17
-247 -28
-258 -36
-263 -43
-267 -51
-271 -67
-280 -140
-289 -218
-362 -916
-365 -941
-368 -953
-373 -965
-382 -974
-391 -983
-404 -992
-418 -997
-435 -1000
-449 -999
-462 -996
-477 -990
-492 -983
-503 -976
-517 -966
-531 -950
-542 -935
-550 -920
-558 -901
-565 -881
-571 -860
-573 -842
-576 -815
-577 -788
-577 -763
-579 -712
-579 -667
-579 -619
-573 -556
-552 -356
-542 -270
