269 396
233 397
12 444
-67 452
-113 453
-344 432
-457 405
-471 396
-478 388
-480 380
-488 344
-494 332
-509 323
-613 269
-628 252
-797 -165
-799 -176
-798 -190
-781 -255
-781 -265
-786 -278
-793 -286
-992 -457
-998 -466
-1000 -478
-997 -491
-990 -505
-981 -514
-970 -517
-953 -517
-632 -475
-595 -472
-541 -475
-502 -481
-449 -491
-394 -501
-366 -507
-348 -503
-334 -496
-317 -479
-299 -447
-272 -380
-265 -350
-264 -316
-269 -282
-308 -97
-307 -85
-302 -72
-279 -36
-249 11
-240 15
-229 16
-221 13
-177 -5
-163 -7
300 -4
306 -6
312 -20
316 -32
321 -35
331 -36
516 41
540 54
617 107
661 147
703 190
808 292
829 307
852 319
988 379
999 389
1000 405
997 418
956 505
946 513
936 516
921 517
909 514
726 444
661 419
625 406
594 399
573 395
269 396
