-509 -436
-397 -869
-385 -914
-374 -941
-347 -980
-333 -992
-313 -1000
-293 -1000
-272 -996
-261 -990
-226 -957
-192 -920
-178 -910
-161 -903
-143 -902
-117 -911
-63 -944
-20 -962
12 -970
41 -974
68 -975
108 -971
138 -964
175 -951
210 -931
244 -904
272 -874
294 -843
310 -814
324 -781
377 -605
400 -517
438 -367
485 -176
568 138
597 251
618 330
628 367
632 391
629 412
624 427
612 445
591 460
566 470
530 478
422 499
381 504
354 502
323 497
292 488
266 473
241 458
215 437
191 410
158 368
49 220
-15 129
-70 52
-130 -27
-161 -70
-186 -103
-203 -122
-221 -134
-248 -143
-278 -147
-322 -146
-352 -141
-375 -134
-396 -124
-432 -105
-450 -89
-462 -73
-473 -50
-482 -20
-493 26
-502 67
-514 144
-516 175
-516 208
-508 232
-496 244
-487 249
-476 252
-462 254
-447 250
-430 244
-387 211
-369 200
-356 195
-341 192
-328 191
-313 192
-293 200
-269 220
-256 240
-248 261
-247 280
-250 302
-258 319
-277 346
-294 363
-353 421
-384 457
-405 488
-421 530
-433 582
-438 614
-441 642
-439 666
-430 682
-422 691
-410 695
-400 698
-387 696
-372 689
-299 606
-236 537
-225 528
-202 512
-180 502
-162 497
-140 493
-120 491
-96 491
-59 496
-31 505
-1 522
29 547
46 569
64 594
112 670
166 760
226 858
230 869
231 883
227 896
220 910
207 923
175 940
129 956
36 992
18 996
-6 1000
-53 995
-94 988
-184 969
-214 958
-273 934
-303 921
-373 883
-401 864
-424 843
-448 820
-468 797
-485 770
-501 736
-514 699
-534 623
-556 529
-571 439
-596 344
-612 272
-626 223
-631 187
-632 137
-629 79
-623 36
-612 -15
-593 -88
-538 -319
-509 -436
