-631 52
-616 613
-601 981
-594 997
-579 1000
-563 996
-552 987
-476 910
-455 902
-432 904
-300 947
-269 950
-240 949
625 781
655 772
671 756
675 735
672 715
662 692
643 669
622 651
592 628
488 551
404 463
383 443
367 414
329 330
316 311
296 298
277 288
245 284
151 300
125 299
99 294
77 283
50 258
-142 15
-161 -2
-187 -6
-204 7
-210 33
-209 73
-163 349
-136 522
-132 556
-137 587
-144 611
-158 634
-236 702
-247 708
-259 704
-266 692
-294 479
-302 337
-316 81
-326 -186
-336 -430
-332 -470
-316 -494
-291 -507
-257 -514
-222 -511
-177 -502
-132 -481
-94 -453
-56 -415
-33 -378
9 -268
33 -221
55 -194
85 -170
120 -148
169 -136
224 -135
262 -144
313 -168
448 -235
476 -255
499 -279
511 -301
526 -325
526 -347
514 -370
491 -392
458 -417
-564 -989
-583 -999
-613 -1000
-625 -988
-671 -892
-675 -853
-674 -781
-661 -384
-631 52
