840 356
986 419
994 425
999 434
1000 443
998 456
968 533
917 630
876 725
869 729
860 731
720 675
549 608
315 503
114 411
101 397
101 378
167 208
167 194
157 183
42 128
-23 93
-110 37
-115 30
-113 19
-99 -13
-99 -22
-107 -29
-140 -58
-339 -212
-373 -243
-387 -252
-401 -252
-413 -239
-465 -84
-472 -78
-481 -75
-494 -75
-513 -64
-525 -61
-537 -61
-549 -62
-561 -57
-568 -47
-579 -11
-584 -4
-592 1
-604 2
-688 -28
-821 -93
-910 -146
-927 -160
-941 -178
-954 -205
-997 -352
-1000 -372
-986 -575
-981 -588
-971 -601
-790 -696
-739 -718
-711 -728
-696 -731
-678 -728
-665 -719
-656 -710
-602 -609
-589 -586
-575 -567
-419 -425
-406 -407
-400 -390
-386 -296
-380 -278
-369 -261
-355 -248
-131 -74
-101 -55
-67 -36
-35 -21
66 21
156 63
375 157
464 197
691 294
840 356
