219 -448
244 -562
262 -647
272 -709
274 -760
258 -898
261 -915
272 -925
313 -943
321 -949
325 -961
323 -973
318 -985
307 -995
293 -1000
274 -1000
254 -996
206 -982
173 -971
142 -954
112 -934
43 -875
2 -837
-5 -825
-7 -815
-7 -805
0 -783
3 -770
1 -759
-3 -750
-82 -654
-96 -642
-122 -623
-138 -610
-155 -587
-165 -562
-172 -537
-174 -517
-174 -368
-174 -355
-179 -345
-189 -338
-206 -334
-228 -339
-241 -341
-257 -337
-270 -328
-280 -319
-289 -307
-294 -297
-301 -276
-308 -250
-315 -218
-316 -192
-325 -77
-324 -16
-322 34
-318 89
-312 132
-307 166
-266 329
-259 344
-250 350
-240 352
-225 353
-213 357
-202 363
-190 376
-181 391
-173 411
-133 573
-117 661
-112 723
-109 787
-110 808
-112 829
-142 974
-143 982
-142 990
-135 998
-122 1000
-114 997
-108 991
-106 985
-102 953
-98 904
-96 887
-89 869
-68 826
-50 788
45 543
56 511
197 -162
203 -189
201 -199
195 -206
184 -210
177 -217
174 -226
174 -236
200 -352
219 -448
