231 609
228 630
233 648
245 674
256 691
291 736
469 977
481 995
499 1000
522 994
537 981
548 961
551 938
551 919
553 904
562 886
573 872
593 844
607 819
612 804
619 795
629 792
642 795
651 805
654 819
648 830
632 842
586 901
579 915
579 929
582 939
587 949
609 960
643 969
661 976
680 983
706 992
734 995
750 987
755 964
750 827
729 687
707 598
683 535
641 462
593 401
524 325
425 264
366 235
252 182
175 155
62 129
-11 117
-49 110
-56 99
-57 89
-59 77
-64 66
-80 61
-103 57
-129 71
-143 72
-347 45
-448 31
-541 16
-567 12
-584 9
-596 -3
-616 -42
-632 -79
-645 -116
-651 -143
-657 -189
-658 -268
-657 -288
-651 -301
-640 -314
-614 -333
-597 -349
-590 -366
-587 -390
-557 -558
-550 -588
-548 -597
-548 -610
-556 -620
-572 -631
-589 -639
-592 -651
-589 -675
-571 -729
-554 -770
-536 -803
-506 -845
-469 -883
-442 -899
-411 -913
-396 -920
-388 -929
-379 -955
-383 -970
-397 -978
-459 -994
-493 -1000
-516 -1000
-536 -997
-549 -987
-556 -979
-557 -961
-560 -946
-566 -927
-600 -884
-626 -843
-645 -813
-666 -755
-713 -593
-726 -541
-734 -485
-746 -404
-755 -298
-755 -229
-752 -176
-746 -122
-736 -83
-725 -49
-719 -28
-716 -10
-717 19
-718 36
-712 46
-698 53
-663 61
-632 63
-589 68
-529 76
-477 85
-342 125
-267 145
-198 156
-151 160
-114 173
-8 224
39 243
107 258
164 266
219 276
249 286
286 310
318 343
337 372
345 401
343 432
338 462
327 494
311 524
287 543
264 565
253 575
242 585
231 609
