-245 788
-355 980
-356 989
-351 996
-341 1000
-329 997
-293 979
-205 936
-163 910
-119 878
-80 845
-48 811
120 610
131 599
152 587
188 563
204 547
217 526
226 507
231 485
236 445
239 430
244 417
253 400
336 267
389 183
404 151
413 128
424 90
490 -141
592 -493
616 -577
617 -591
615 -606
606 -618
595 -628
580 -636
571 -645
564 -655
560 -671
560 -686
581 -777
580 -793
577 -807
566 -823
553 -833
321 -993
307 -1000
292 -1000
277 -995
264 -986
255 -973
251 -960
251 -946
255 -932
263 -919
275 -909
376 -846
387 -835
393 -824
396 -811
394 -795
353 -672
340 -621
310 -466
295 -377
292 -362
285 -346
275 -332
260 -318
244 -307
226 -300
207 -297
147 -293
124 -296
102 -302
81 -311
63 -323
43 -341
30 -360
16 -387
-42 -531
-93 -658
-104 -678
-117 -692
-135 -702
-153 -707
-169 -708
-186 -704
-200 -698
-224 -682
-239 -676
-258 -673
-277 -675
-294 -680
-308 -690
-318 -702
-329 -718
-423 -865
-432 -874
-444 -880
-458 -883
-473 -882
-486 -876
-550 -830
-587 -802
-597 -790
-606 -775
-612 -761
-616 -744
-617 -727
-614 -706
-608 -688
-599 -665
-586 -631
-565 -592
-541 -558
-504 -516
-443 -457
-407 -429
-377 -411
-220 -329
-197 -315
-175 -298
-155 -279
-138 -259
-122 -238
-101 -199
-84 -161
-45 -74
-38 -55
-34 -35
-33 -9
-37 13
-61 73
-86 139
-116 220
-124 251
-131 287
-136 321
-139 349
-148 481
-146 489
-141 496
-133 498
-119 496
-105 496
-95 498
-88 505
-87 513
-91 523
-141 605
-245 788
