-599 -363
-418 -507
-368 -542
-330 -565
-315 -572
-310 -573
-304 -572
-298 -569
-294 -563
-292 -558
-293 -551
-332 -439
-350 -386
-353 -370
-353 -357
-353 -340
-350 -325
-344 -307
-335 -291
-326 -276
-313 -261
-299 -251
-279 -239
-174 -174
-131 -147
-122 -137
-114 -126
-107 -117
-101 -105
-97 -94
-86 -62
-78 -52
-69 -40
-56 -32
-46 -27
-22 -17
-2 -7
9 1
16 10
22 22
25 35
28 59
30 74
34 90
39 102
45 114
53 125
62 136
75 147
90 158
106 167
124 175
139 178
151 179
161 178
177 174
281 126
291 122
301 122
309 125
330 138
354 157
372 175
389 199
402 214
414 223
427 229
437 231
451 231
468 227
480 220
490 210
496 203
501 195
506 185
514 177
522 174
531 174
717 215
729 219
737 223
742 228
851 360
947 476
984 523
999 551
1000 558
998 564
994 568
988 572
982 573
975 573
966 570
766 507
628 468
474 431
291 394
177 375
71 359
-241 325
-276 319
-281 316
-283 310
-282 305
-277 299
-257 276
-186 179
-155 128
-153 121
-155 110
-159 102
-167 97
-174 95
-187 93
-245 98
-251 101
-256 105
-261 111
-265 119
-277 151
-282 164
-290 175
-328 214
-334 219
-340 222
-347 223
-385 226
-392 226
-396 223
-401 218
-403 211
-400 203
-328 78
-299 23
-296 8
-297 -7
-299 -19
-302 -31
-310 -53
-322 -78
-329 -87
-342 -97
-356 -104
-415 -130
-427 -133
-439 -134
-461 -132
-481 -129
-501 -123
-523 -114
-542 -103
-555 -93
-564 -78
-632 17
-685 83
-692 90
-700 94
-710 96
-720 96
-733 92
-748 87
-761 82
-980 -14
-993 -23
-997 -31
-1000 -39
-997 -46
-993 -51
-986 -57
-872 -149
-599 -363
