-756 73
-532 615
-446 814
-427 836
-401 849
-372 852
-346 847
-321 830
-304 809
-295 782
-294 752
-319 695
-390 522
-413 441
-422 357
-417 279
-424 247
-442 225
-477 197
-514 182
-618 141
-645 121
-652 92
-653 65
-642 38
-622 18
-597 8
-558 9
-368 69
-280 86
-204 88
-137 83
-73 73
-28 59
47 43
115 37
164 47
222 62
293 98
376 152
432 178
481 193
547 200
599 199
815 186
865 174
911 151
944 123
965 93
986 59
997 19
1000 -23
996 -64
984 -106
958 -151
859 -286
822 -346
739 -526
699 -540
650 -545
603 -543
548 -534
490 -514
429 -484
368 -441
330 -399
323 -373
329 -346
352 -313
386 -291
435 -273
520 -260
601 -239
675 -211
716 -182
731 -148
733 -110
720 -72
686 -38
655 -27
495 -8
335 -8
164 -29
19 -65
-70 -94
-169 -130
-263 -170
-340 -216
-368 -228
-388 -224
-407 -198
-427 -160
-455 -143
-490 -141
-525 -158
-543 -183
-552 -209
-543 -264
-466 -716
-464 -746
-473 -777
-486 -803
-500 -820
-533 -842
-568 -850
-716 -852
-746 -851
-791 -844
-836 -829
-874 -812
-924 -772
-956 -729
-979 -692
-995 -641
-1000 -597
-995 -525
-982 -474
-767 46
-756 73
