470 107
259 -229
142 -418
20 -610
-107 -814
-151 -883
-165 -899
-177 -910
-188 -915
-207 -917
-225 -916
-238 -913
-250 -906
-294 -878
-308 -872
-333 -866
-353 -866
-382 -872
-398 -883
-520 -974
-537 -982
-555 -989
-578 -997
-600 -1000
-620 -1000
-641 -999
-664 -996
-687 -988
-715 -975
-729 -964
-742 -953
-754 -942
-785 -902
-800 -870
-811 -835
-814 -810
-817 -780
-816 -749
-811 -716
-798 -663
-784 -621
-768 -588
-752 -561
-540 -225
-527 -213
-510 -202
-477 -194
-456 -197
-439 -202
-419 -213
-397 -231
-383 -247
-366 -281
-360 -307
-358 -347
-359 -370
-365 -397
-377 -424
-398 -464
-552 -704
-556 -721
-556 -735
-552 -752
-545 -764
-538 -774
-525 -782
-510 -787
-498 -789
-479 -786
-470 -782
-239 -678
-207 -658
-175 -633
-143 -603
-120 -576
-29 -431
-19 -410
-14 -395
-18 -371
-30 -350
-48 -333
-90 -308
-113 -290
-125 -276
-138 -257
-145 -245
-203 -107
-268 48
-273 75
-273 102
-271 123
-266 143
-254 167
-244 183
-222 206
-201 222
534 599
560 614
573 628
579 642
581 659
576 677
567 692
555 704
537 718
507 731
489 735
464 739
443 740
421 738
397 732
364 716
342 703
311 676
279 653
258 644
225 641
205 646
181 658
162 674
150 692
141 713
138 736
137 747
144 777
155 799
173 816
348 960
366 975
388 988
407 995
435 999
462 1000
487 995
508 986
549 960
595 930
635 903
661 888
748 832
769 818
782 804
794 787
804 768
812 743
817 720
817 687
812 657
788 609
470 107
