-443 -507
-772 -243
-870 -167
-878 -153
-884 -138
-882 -121
-876 -109
-866 -100
-854 -94
-835 -91
-808 -91
-733 -93
-682 -102
-636 -115
-588 -134
-551 -155
-523 -174
-254 -387
-235 -397
-216 -402
-197 -402
-181 -396
-164 -390
-151 -380
-140 -368
-133 -357
-126 -341
-124 -319
-125 -307
-131 -291
-136 -275
-213 -144
-221 -120
-222 -101
-218 -84
-212 -64
-205 -44
-120 125
31 430
58 479
90 521
129 567
137 580
143 593
145 607
140 624
71 883
70 903
72 922
77 941
85 959
100 974
117 987
136 997
154 1000
177 999
199 994
225 983
255 964
276 949
301 931
328 910
361 876
501 723
508 709
510 697
509 685
502 675
490 664
481 654
477 646
478 630
482 613
533 420
544 394
552 383
560 374
571 365
584 361
609 356
715 340
737 332
751 322
763 313
773 296
777 281
781 264
781 245
777 224
751 39
750 6
752 -15
758 -37
766 -58
870 -224
881 -248
883 -266
884 -282
881 -299
878 -317
870 -332
859 -348
680 -549
521 -733
467 -793
454 -801
441 -803
430 -801
419 -795
409 -786
301 -663
283 -645
200 -578
186 -570
171 -564
153 -562
138 -563
117 -573
105 -587
96 -601
91 -614
90 -632
92 -649
99 -665
109 -678
272 -810
302 -837
311 -852
317 -873
320 -897
318 -919
311 -939
302 -957
288 -972
265 -987
242 -997
216 -1000
189 -997
165 -987
142 -971
-443 -507
