103 -540
1 -241
-5 -236
-10 -236
-33 -243
-40 -242
-45 -239
-50 -233
-52 -225
-48 -202
-31 -148
-29 -140
-29 -124
-35 -82
-58 52
-60 79
-65 88
-89 98
-100 105
-109 112
-121 131
-127 150
-128 173
-125 191
-120 202
-104 227
-98 240
-95 254
-97 276
-105 312
-115 329
-122 334
-138 345
-145 351
-151 357
-156 374
-154 444
-152 459
-137 479
-125 487
-97 497
-89 501
-79 517
-74 548
-69 573
-58 608
-50 630
-44 666
-42 690
-43 718
-47 826
-55 967
-58 976
-66 987
-77 994
-93 1000
-109 997
-119 992
-130 985
-139 968
-143 945
-142 924
-138 907
-114 865
-101 845
-91 816
-87 798
-84 773
-84 753
-87 730
-95 706
-104 686
-117 661
-127 638
-131 612
-131 594
-131 581
-136 570
-143 562
-155 555
-180 548
-197 533
-206 519
-209 508
-213 485
-214 459
-214 442
-212 422
-209 401
-200 375
-178 326
-162 289
-155 258
-151 230
-152 203
-154 186
-153 151
-151 140
-149 124
-140 95
-131 76
-119 57
-100 26
-87 3
-78 -21
-67 -58
-64 -86
-63 -116
-63 -144
-67 -170
-73 -204
-76 -216
-80 -227
-79 -237
-76 -247
-69 -257
-61 -265
-42 -280
-32 -292
-24 -308
-11 -366
-11 -381
-17 -399
-29 -422
-69 -501
-79 -526
-87 -554
-90 -574
-91 -592
-88 -634
-77 -675
-70 -700
-63 -724
-54 -754
-40 -786
-20 -823
-5 -844
13 -868
38 -897
71 -926
102 -947
167 -993
185 -1000
197 -997
207 -990
214 -979
213 -966
196 -891
164 -734
147 -674
131 -625
103 -540
