499 -776
555 -712
567 -699
576 -685
579 -667
572 -652
560 -642
538 -634
518 -631
499 -632
480 -637
440 -661
403 -698
389 -708
358 -715
341 -714
311 -704
294 -695
279 -681
253 -646
242 -617
235 261
240 275
251 281
432 278
486 278
515 285
526 295
558 326
573 346
584 368
592 387
596 412
600 442
599 460
589 466
563 469
553 475
546 487
542 506
544 520
569 563
574 575
584 595
581 617
560 630
522 635
234 642
128 657
93 674
55 714
21 780
-29 900
-62 934
-96 958
-130 970
-184 988
-245 1000
-254 998
-262 992
-268 971
-274 957
-338 833
-377 759
-398 722
-419 686
-455 622
-493 537
-512 473
-534 399
-549 346
-560 294
-568 240
-578 162
-580 116
-582 62
-581 -85
-581 -170
-580 -233
-593 -567
-596 -738
-596 -823
-600 -926
-594 -935
-586 -937
-567 -937
-553 -942
-522 -974
-494 -989
-458 -997
-299 -1000
-91 -998
80 -999
164 -997
232 -988
304 -974
322 -966
337 -956
349 -945
499 -776
