-550 -211
-759 173
-842 322
-847 350
-844 379
-833 401
-817 418
-791 433
-762 437
-735 432
-526 305
-506 300
-479 299
-449 308
-425 331
-411 356
-407 381
-412 563
-409 588
-402 609
-392 630
-377 647
-79 978
-62 991
-37 998
-12 1000
13 994
32 982
121 897
131 880
135 855
134 834
128 813
115 794
-79 581
-87 565
-88 548
-83 534
-74 523
-60 514
-40 511
-27 515
-9 523
329 659
351 661
379 657
402 647
420 629
431 606
435 583
435 563
428 544
414 522
403 511
376 490
347 456
322 422
302 386
286 344
276 315
266 264
258 242
243 224
228 213
207 203
15 156
-2 146
-15 135
-23 116
-26 98
-22 70
-1 42
35 6
90 -36
148 -69
206 -90
265 -102
322 -107
385 -101
673 -69
699 -75
730 -89
753 -107
775 -137
842 -261
847 -283
847 -302
844 -322
830 -348
727 -515
714 -528
694 -537
674 -543
647 -542
317 -475
293 -475
270 -482
250 -495
236 -513
6 -961
-13 -982
-34 -995
-64 -1000
-87 -997
-110 -988
-132 -968
-550 -211
