165 -890
-40 -926
-53 -934
-54 -980
-61 -988
-94 -994
-132 -1000
-166 -998
-208 -980
-238 -952
-396 -699
-481 -566
-507 -514
-523 -478
-530 -456
-548 -389
-556 -317
-553 -263
-546 -205
-525 -150
-505 -116
-497 -105
-497 -95
-508 -88
-518 -79
-516 -67
-508 -56
-504 -42
-506 -15
-521 34
-533 68
-550 96
-565 116
-573 140
-594 225
-606 257
-620 273
-621 284
-609 293
-587 310
-575 329
-575 348
-583 371
-617 433
-619 450
-621 568
-617 614
-604 633
-574 656
-541 683
-528 709
-529 740
-533 759
-573 857
-577 890
-575 923
-560 953
-539 978
-506 995
-471 1000
-433 998
-396 979
-360 947
-338 911
-332 868
-335 829
-350 789
-372 750
-384 731
-495 591
-551 506
-556 491
-552 470
-528 448
-448 392
-416 363
-401 340
-395 315
-395 194
-391 171
-378 143
-359 114
-338 92
-311 75
-278 64
-128 64
-103 76
-76 91
-63 94
-52 84
-11 23
40 -66
50 -89
63 -108
86 -123
109 -127
197 -115
239 -116
282 -131
311 -159
324 -185
373 -457
378 -491
384 -507
401 -509
427 -490
443 -486
547 -473
556 -483
577 -552
598 -641
619 -761
621 -792
604 -811
577 -818
165 -890
