956 155
996 -149
1000 -189
996 -208
985 -225
936 -300
927 -313
918 -317
906 -318
879 -317
754 -310
562 -290
537 -283
522 -274
510 -261
500 -234
498 -208
499 -193
494 -185
467 -183
439 -182
297 -174
-102 -153
-151 -147
-185 -138
-220 -120
-361 4
-422 56
-432 64
-447 66
-465 63
-478 54
-487 45
-513 -33
-526 -91
-560 -268
-630 -624
-634 -632
-639 -638
-649 -645
-660 -648
-674 -648
-681 -645
-697 -624
-713 -601
-726 -575
-739 -562
-800 -513
-831 -484
-850 -466
-862 -449
-874 -409
-872 -390
-869 -375
-860 -358
-865 -348
-880 -343
-909 -333
-933 -317
-963 -296
-987 -275
-995 -258
-999 -234
-1000 -213
-976 -172
-881 -2
-758 219
-737 259
-716 277
-708 284
-680 290
-655 275
-624 253
-495 118
-484 112
-474 114
-465 131
-415 230
-347 345
-334 364
-323 368
-301 358
-288 351
72 142
131 120
172 112
681 82
701 86
726 98
747 113
761 138
764 161
761 217
746 293
702 416
690 442
682 463
677 490
677 524
685 599
698 629
715 647
730 648
744 644
759 627
767 617
775 606
789 594
821 578
848 571
882 574
899 567
908 555
913 535
927 367
956 155
