-13 176
260 5
265 -7
263 -19
255 -35
197 -78
179 -98
173 -133
179 -170
173 -216
159 -246
106 -288
46 -309
7 -317
-51 -319
-96 -311
-149 -287
-417 -126
-455 -103
-475 -99
-498 -98
-520 -100
-549 -110
-573 -123
-598 -143
-624 -160
-658 -166
-688 -163
-721 -147
-752 -120
-780 -92
-811 -76
-843 -70
-882 -77
-918 -88
-948 -102
-971 -123
-992 -156
-1000 -191
-999 -221
-993 -241
-982 -254
-960 -266
-933 -266
-901 -259
-864 -259
-788 -275
-650 -303
-507 -299
-289 -290
-229 -309
-154 -336
-94 -357
-14 -382
70 -397
155 -398
243 -383
324 -355
509 -287
616 -246
668 -223
800 -153
871 -108
885 -88
880 -72
868 -60
835 -40
812 -23
800 2
797 27
804 59
822 77
843 85
904 81
934 85
948 94
968 114
1000 171
998 183
982 190
968 200
968 221
993 303
991 317
980 326
916 332
-3 364
-736 398
-758 392
-762 375
-755 354
-729 332
-690 301
-647 279
-613 270
-582 272
-545 286
-458 327
-409 340
-349 345
-290 337
-234 313
-13 176
