333 -500
195 -536
-146 -629
-170 -631
-185 -617
-212 -566
-295 -453
-386 -324
-457 -210
-522 -98
-629 134
-658 196
-703 269
-772 354
-887 469
-994 576
-1000 590
-999 605
-987 612
-959 617
-872 628
-785 631
-695 630
-609 622
-510 606
-207 547
-68 529
231 516
255 508
270 491
276 473
275 453
267 435
237 392
213 364
170 325
122 299
64 280
1 270
-65 274
-320 315
-354 311
-382 301
-406 284
-427 262
-441 235
-448 206
-449 179
-445 149
-437 128
-314 -88
-293 -111
-260 -132
-222 -140
-186 -137
-147 -121
-124 -102
-100 -72
-77 -42
-52 -17
-23 3
11 23
59 41
109 52
504 60
809 67
841 67
872 56
898 36
919 10
934 -24
996 -233
1000 -252
996 -267
989 -278
965 -297
933 -316
891 -337
844 -357
789 -376
333 -500
