-414 -67
-931 -109
-955 -108
-976 -97
-991 -81
-999 -60
-1000 -36
-991 -11
-971 7
-944 16
-912 10
-853 -11
-834 -8
-817 8
-812 28
-817 55
-835 82
-875 131
-892 161
-903 197
-908 232
-908 273
-899 373
-883 420
-858 468
-833 499
-795 534
-755 560
-713 576
-476 653
-299 723
-181 774
-104 809
-78 819
-58 819
-41 808
-35 786
-2 603
18 508
47 393
67 349
90 317
130 285
170 264
209 255
247 253
291 259
336 277
368 300
430 366
460 385
508 401
549 402
589 397
622 384
651 360
998 -36
1000 -55
992 -77
933 -210
915 -223
894 -227
577 -246
279 -281
116 -308
100 -320
95 -341
109 -365
225 -429
251 -455
269 -493
278 -532
276 -588
269 -636
258 -682
230 -741
189 -801
166 -816
144 -819
119 -815
100 -802
-264 -502
-290 -493
-322 -491
-358 -500
-491 -568
-526 -579
-568 -585
-605 -584
-674 -572
-721 -552
-752 -528
-792 -475
-807 -434
-809 -410
-792 -382
-755 -367
688 -102
709 -83
724 -48
716 -19
690 8
647 15
-414 -67
