-469 -694
-620 -731
-648 -734
-681 -734
-710 -724
-730 -716
-757 -699
-776 -682
-791 -662
-802 -639
-811 -616
-812 -591
-811 -563
-807 -541
-801 -521
-789 -503
-772 -487
-736 -471
-702 -471
-675 -481
-664 -493
-657 -506
-656 -524
-661 -550
-672 -588
-675 -605
-669 -621
-653 -638
-626 -648
-597 -642
-581 -632
-571 -615
-562 -598
-553 -575
-547 -549
-546 -520
-550 -495
-565 -468
-575 -451
-605 -414
-686 -327
-748 -246
-800 -190
-864 -118
-884 -83
-894 -59
-960 136
-981 194
-999 251
-1000 266
-992 278
-975 285
-947 279
-917 260
-893 239
-868 213
-833 177
-803 132
-749 39
-678 -87
-655 -122
-632 -149
-606 -174
-576 -190
-544 -202
-511 -209
-472 -209
-438 -202
-405 -190
-372 -170
-341 -144
-316 -115
-290 -58
-248 30
-231 56
-213 74
-190 88
-156 102
-124 105
-96 102
-71 93
-49 78
-34 66
-20 50
48 -82
65 -100
85 -106
104 -102
122 -95
190 -5
199 13
199 29
193 45
27 327
-77 495
-191 683
-206 688
-222 684
-236 671
-254 652
-270 631
-286 621
-305 615
-325 618
-346 636
-369 663
-381 684
-389 704
-392 733
-391 760
-386 785
-378 809
-356 838
-335 855
-305 868
-274 874
-249 877
-219 875
-179 866
-154 855
-127 840
-90 806
-58 760
291 226
508 -102
621 -273
720 -428
851 -624
992 -830
1000 -848
999 -865
987 -877
968 -875
928 -856
905 -840
880 -821
611 -454
599 -447
577 -445
240 -525
-469 -694
