114 981
331 1000
370 998
400 988
419 975
442 948
457 918
468 879
485 814
502 749
512 679
516 634
522 526
524 433
528 397
542 364
568 317
578 290
578 270
573 246
536 149
534 109
540 81
553 58
589 7
598 -17
599 -44
593 -69
570 -97
542 -117
503 -139
473 -157
452 -178
427 -219
379 -309
115 -796
28 -932
3 -965
-16 -982
-40 -994
-64 -1000
-86 -998
-110 -993
-131 -984
-150 -969
-165 -946
-170 -936
-193 -885
-220 -839
-248 -801
-268 -778
-289 -754
-327 -715
-413 -613
-421 -608
-433 -606
-445 -612
-481 -644
-493 -649
-505 -647
-516 -643
-530 -629
-546 -613
-565 -587
-579 -560
-589 -532
-598 -500
-599 -487
-596 -474
-589 -462
-572 -435
-312 -95
-253 -20
-241 -6
-220 8
-194 14
-174 15
-145 12
-65 0
-38 -3
-11 -4
20 0
49 7
74 21
240 153
251 161
264 167
278 169
288 165
298 156
303 147
332 48
340 34
352 25
366 24
381 31
390 43
396 56
408 89
418 116
425 143
428 169
431 197
429 226
423 238
409 255
-130 746
-144 756
-165 766
-190 770
-216 767
-242 754
-251 742
-258 725
-269 636
-275 617
-288 603
-308 593
-330 590
-354 596
-371 608
-381 621
-389 637
-391 654
-387 672
-374 702
-305 840
-283 866
-261 888
-230 915
-204 933
-172 946
-144 955
-85 963
114 981
