708 -36
831 -185
976 -362
989 -380
996 -400
1000 -418
1000 -435
998 -448
981 -500
973 -514
961 -524
951 -530
934 -534
918 -533
900 -527
884 -515
867 -489
782 -359
766 -345
752 -340
731 -337
687 -337
665 -330
649 -319
637 -305
632 -291
612 -215
604 -196
591 -180
575 -168
556 -159
536 -156
485 -155
461 -150
445 -143
428 -130
416 -112
408 -93
405 -76
405 -59
408 -45
434 23
437 37
438 56
435 68
429 85
419 100
400 114
377 126
350 140
326 150
308 155
283 159
254 159
232 158
213 153
198 147
174 137
149 123
121 100
99 76
5 -38
0 -45
-15 -48
-152 -60
-161 -59
-171 -53
-174 -42
-176 -33
-197 53
-225 214
-230 243
-231 258
-230 274
-227 290
-221 306
-213 323
-191 373
-189 381
-191 388
-195 395
-202 400
-210 402
-218 402
-227 396
-235 385
-267 329
-293 287
-311 262
-325 246
-337 235
-358 219
-380 207
-403 200
-443 194
-481 192
-510 195
-544 202
-581 213
-623 228
-650 240
-673 254
-694 270
-717 291
-740 317
-756 339
-770 364
-804 455
-822 495
-831 511
-844 523
-861 530
-880 534
-904 533
-926 530
-948 525
-969 517
-986 504
-996 487
-1000 471
-999 451
-994 435
-987 420
-976 407
-953 386
-924 362
-896 337
-860 310
-819 282
-778 256
-731 234
-689 213
-647 196
-577 172
-501 143
-408 110
-316 81
-253 59
-171 28
-152 23
-133 22
-113 26
-94 32
-59 45
-27 61
-1 77
27 99
79 148
150 214
170 230
184 240
197 248
206 254
211 254
217 252
233 237
245 228
254 225
263 227
273 234
290 249
310 263
331 272
357 274
382 273
408 268
434 257
456 247
483 228
508 205
533 177
708 -36
