-12 -120
267 -83
281 -78
292 -66
300 -50
301 -35
297 -18
253 171
245 192
235 207
217 222
203 229
124 253
98 267
78 280
60 297
47 312
37 325
25 354
21 376
21 399
25 428
34 457
54 532
61 588
62 628
58 662
36 839
22 950
19 963
16 974
8 984
-6 996
-15 999
-25 1000
-34 998
-44 994
-52 987
-56 980
-62 968
-79 916
-96 842
-235 427
-289 267
-319 177
-342 108
-365 21
-415 -138
-462 -281
-468 -295
-469 -305
-468 -311
-463 -317
-451 -317
-406 -312
-397 -312
-389 -322
-364 -417
-358 -435
-343 -475
-328 -503
-297 -548
-261 -590
-217 -628
-27 -778
16 -813
50 -837
95 -866
134 -889
197 -919
254 -945
340 -985
376 -1000
397 -1000
418 -996
438 -984
449 -974
456 -964
463 -949
467 -935
469 -921
467 -899
463 -883
457 -867
447 -853
434 -841
418 -830
401 -822
375 -818
176 -802
152 -799
141 -797
130 -793
23 -726
12 -718
5 -708
-3 -689
-28 -572
-26 -563
-21 -557
-12 -554
77 -541
87 -536
94 -533
101 -526
108 -512
110 -496
110 -415
104 -402
96 -393
84 -389
67 -385
53 -383
33 -382
14 -384
-171 -412
-187 -414
-208 -413
-227 -409
-241 -405
-250 -397
-259 -386
-310 -294
-337 -252
-342 -239
-346 -222
-347 -208
-348 -191
-345 -179
-338 -171
-330 -167
-310 -163
-12 -120
